24
MgZn2 sim_box=RectangularSimulationBox,2.13,3.76,3.43
0 0 0 0
0 1.0213 1.2524 -0.8345
0 0.4959 0.3201 -0.8838
0 1.5678 0.3386 -0.8745
0 -1.06 1.86 0
0 -0.0387 3.1124 -0.8345
0 -0.5641 2.1801 -0.8838
0 0.5078 2.1986 -0.8745
0 2.1 3.8 1.77
0 1.0787 2.5476 0.9355
0 1.6041 3.4799 0.8862
0 0.5322 3.4614 0.8955
0 3.16 1.94 1.77
0 2.1387 0.6876 0.9355
0 2.6641 1.6199 0.8862
0 1.5922 1.6014 0.8955
1 2.1339 1.2666 -0.2144
1 2.0747 1.2955 -1.5183
1 1.0739 3.1266 -0.2144
1 1.0147 3.1555 -1.5183
1 -0.0339 2.5334 1.5556
1 0.0253 2.5045 0.2517
1 1.0261 0.6734 1.5556
1 1.0853 0.6445 0.2517
